40	40	20
######################### the first line must be track list name #############				
P1L				P1R
##
hh -0.7 0 0		        0.7    0    0
3.3	30	12		38.7	30	12
14	28	12		28	28	12
16	20	12		26	20	12
14	12	12		28	12	12
4	10	12		38	10	12
####
hv  -0.5  0  0                    0.5 0 0
3.3	30	12		38.7	30	12
14	28	12		28	28	12
16	20	12		26	20	12
14	12	12		28	12	12
5	10	12		37	10	12
###
vv  -0.5  0  0                   0.5 0 0
5	30	12		37.5	30	12
14	28	12		28	28	12
16	20	12		26	20	12
14	12	12		28	12	12
5	10	12		37	10	12
###
vh  -0.7  0  0                   0.7 0 0
4.5	30	12		37.5	30	12
14	28	12		28	28	12
16	20	12		26	20	12
14	12	12		28	12	12
4	10	12		38	10	12
#############################################

P2L				P2R
##
hh  0.7 0 0                     -0.7 0 0		
3.3	30	12		38.7	30	12
14	20	12		28	20	12
22	13	12		30	13	12
38	10	12		4	10	12
###
hv 0.5 0 0                        -0.5 0 0
3.3	30	12		38.7	30	12
14	20	12		28	20	12
22	13	12		30	13	12
37	10	12		5	10	12
###
vv 0.5 0 0                       -0.5  0 0
4.5	30	12		37.5	30	12
14	20	12		28	20	12
22	13	12		30	13	12
37	10	12		5	10	12
###
vh 0.7 0 0                        -0.7 0 0
4.5	30	12		37.5	30	12
14	20	12		28	20	12
22	13	12		30	13	12
38	10	12		4	10	12
###################################
HP1L				HP1R
###
hh 0.7 0 0                        -0.7 0 0
3.3	30	12		38.7	30	12
12	24	10		30	24	10
13	5	9		29	5	9
22	3	8		20	3	8
27	8	10		15	8	10
38	10	12		4	10	12
###
hv 0.5 0 0                        -0.5 0 0
3.3	30	12		38.7	30	12
12	24	10		30	24	10
13	5	9		29	5	9
22	3	8		20	3	8
27	8	10		15	8	10
37	10	12		5	10	12
###
vv 0.5 0 0                        -0.5 0 0
4.5	30	12		37.5	30	12
12	24	10		30	24	10
13	5	9		29	5	9
22	3	8		20	3	8
27	8	10		15	8	10
37	10	12		5	10	12
###
vh 0.7 0 0                        -0.7 0 0
4.5	30	12		37.5	30	12
12	24	10		30	24	10
13	5	9		29	5	9
22	3	8		20	3	8
27	8	10		15	8	10
38	10	12		4	10	12
#####################################
P2L_YZINVERSE                    P2R_YZINVERSE
###
hh 0.7 0 0                         -0.7  0  0
3.3    10	  12              38.7      10	12
14   13	  12                       28      13	12
22   20	  12                       20      20	12
38   30	  12                       4       30	12
###
hv 0.5 0 0                         -0.5 0 0
3.3    10	  12              38.7      10	12
14   13	  12                       28      13	12
22   20	  12                       20      20	12
37   30	  12                        5       30	12

###
vv 0.5 0 0                         -0.5 0 0
4.5    10	  12              37.5      10	12
14   13	  12                       28      13	12
22   20	  12                       20      20	12
37   30	  12                       5       30	12
###
vh 0.7 0 0                         -0.7 0 0
4.5    10	  12               37.5      10	12
14   13	  12                       28      13	12
22   20	  12                       20      20	12
38  30	  12                       4       30	12

####################################
HP1L_XYINVERSE                  HP1R_XYINVERSE
###
hh -0.7 0 0                          0.7 0 0
38.7    10   12                   3.3    10    12
29    8    10                   13   8     10
24    3    8                    18   3     8
15    5    9                    27   5     9
14    24   10                   28   24    10
4     30   12                   38   30    12
###
hv -0.5 0 0                       0.5 0 0
38.7    10   12                   3.3    10    12
29    8    10                   13   8     10
24    3    8                    18   3     8
15    5    9                    27   5     9
14    24   10                   28   24    10
5     30   12                   37   30    12
###
vv -0.5 0 0                          0.5 0 0
37.5    10   12                 4.5    10    12
29    8    10                   13   8     10
24    3    8                    18   3     8
15    5    9                    27   5     9
14    24   10                   28   24    10
5     30   12                   37   30    12
###
vh -0.7 0 0                          0.7 0 0
37.5    10   12                 4.5    10    12
29    8    10                   13   8     10
24    3    8                    18   3     8
15    5    9                    27   5     9
14    24   10                   28   24    10
4     30   12                   38   30    12
####################################
LS1
###
hh -0.7 0 0
21  26  1
16  16  7
10 10 12
4  10 12
###
hv -0.3 0 0
21  26  1
16  16  7
10 11  11
5  11 12
###########
vv -0.5 0 0
21  26  1
16  16  7
10 10  11
5  10 12
##########
vh -0.7 0 0
21  26  1
16  16  7
10 11  11
4  11 12

