[EXP_DEFINE]
A01	1	0	    20	10	0	10	1
A02	2	2200	21	11	0	13  0
A03	3	4800	22	12	0	16  0
A04	4	8200	23	14	0	20  0
A05	5	12400	25	16	0	24  0
A06	6	17400	27	19	2	29	0
A07	7	23200	29	22	0	34  0
A08	8	29800	31	25	0	39  0
A09	9	37200	33	29	0	45  0
A10	10	45400	36	33	0	51  0
A11	11	54400	39	38	0	58  0
A12	12	64200	42	43	0	65  0
A13	13	74800	45	48	0	72  0
A14	14	86200	48	54	0	80  0
A15	15	98400	52	60	0	88	2
A16	16	111400	56	67	0	97  0
A17	17	125200	60	74	0	106 0
A18	18	139800	64	81	0	115 0
A19	19	155200	68	89	3	125	0
A20	20	171400	73	97	0	135 0
A21	21	188400	78	106	0	146 0
A22	22	206200	83	115	0	157 0
A23	23	224800	88	124	0	168 0
A24	24	244200	93	134	4	180	0
A25	25	264400	99	144	0	192 0
A26	26	285400	105	155	0	205 0
A27	27	307200	111	166	0	218	3
A28	28	329800	117	177	0	231 0
A29	29	353200	123	189	0	245	0
A30	30	377400	130	201	5	259	0

[ACHIEVE_DEFINE]
#exp image_num brush music_num time_style
0    0  0 0 0
500 10 0 10 0
1000 10 0 10 0
2000 10 6 10 7

0    0  0 0 0
500 10 0 10 0
1000 10 0 10 0
2000 10 7 10 0

0    0  0 0 0
500 10 0 10 0
1000 10 0 10 0
2000 10 8 10 0

0    0  0 0 0
500 10 0 10 0
1000 10 0 10 0
2000 10 9 10 0 

0    0  0 0 0
500 10 0 10 0
1000 10 0 10 0
2000 10 10 10 0 

[ACHIEVE_TASK]
#exp  use   draw   share  music   buy
0       0     0      0       0        0
10     10     0      0       0         0      
30     30     0      0       0         0      
60     60     0      0       0         0

0       0     0      0       0        0
200     0     200     0       0         0
400    0     400    0       0         0
1200    0     1200    0       0         0      

0       0     0      0       0        0
1000    0     1000    0       0         0
3000   0     3000   0       0         0
6000  0     6000  0       0         0      

0       0     0      0       0        0
100    0     0     100       0         0      
500    0     0     500       0         0      
1500   0     0     1500      0         0      

0      0      0      0      0         0
1000    0     300    100      500        1
3950   0     2000    250      1500       2
7700   0     4200   700     2500       3 

[ACHIEVE_TASK_OPERATION_UNIT]
#use   draw   share   music   buy      
1       1       1      1        100
[EXP_GET]
#DRAW_ONE_TIME SHARE_ONE_TIME COMMENT_ONE_TIME
20 50 5000